Antecedente;Consequente;Suporte;Confiança;Lift;Rule Interest;Convicção;Score
DETERGLIMPOL;COCA_COLA;0,0224;0,4083;2,1032;0,0117;1,3619;0,2142;3,1072;3,6980;
COCA_COLA;DETERGLIMPOL;0,0224;0,1153;2,1032;0,0117;1,0683;0,0605;3,1072;2,3683;
BISCNESTLE;BISCNABISCO;0,0248;0,1968;3,3999;0,0175;1,1730;0,1389;6,2303;3,6598;
BISCNABISCO;BISCNESTLE;0,0248;0,4287;3,3999;0,0175;1,5297;0,3026;6,2303;4,9058;
BOMBRIL;BISCNESTLE;0,0228;0,3627;2,8767;0,0149;1,3713;0,2366;4,5958;4,0974;
BISCNESTLE;BOMBRIL;0,0228;0,1810;2,8767;0,0149;1,1442;0,1181;4,5958;3,1797;
PAPEL_HIGNEVE;ACUCAR_UNIAO;0,0226;0,3250;3,4916;0,0161;1,3435;0,2319;5,8741;4,2715;
ACUCAR_UNIAO;PAPEL_HIGNEVE;0,0226;0,2427;3,4916;0,0161;1,2287;0,1732;5,8741;3,8347;
CREME_DE_LEITE_NESTLE;BISCNESTLE;0,0256;0,3543;2,8099;0,0165;1,3534;0,2282;4,5154;4,0946;
BISCNESTLE;CREME_DE_LEITE_NESTLE;0,0256;0,2027;2,8099;0,0165;1,1637;0,1305;4,5154;3,3323;
SPO_OMO;DETERGYPE;0,0215;0,3045;4,8351;0,0170;1,3473;0,2415;9,3677;4,8630;
DETERGYPE;SPO_OMO;0,0215;0,3410;4,8351;0,0170;1,4105;0,2705;9,3677;5,0725;
PAPEL_HIGPERSONAL;BISCNESTLE;0,0257;0,3090;2,4504;0,0152;1,2646;0,1829;3,6371;3,5953;
BISCNESTLE;PAPEL_HIGPERSONAL;0,0257;0,2041;2,4504;0,0152;1,1518;0,1208;3,6371;3,0946;
SPO_OMO;BISCNESTLE;0,0256;0,3626;2,8757;0,0167;1,3710;0,2365;4,6914;4,1877;
BISCNESTLE;SPO_OMO;0,0256;0,2028;2,8757;0,0167;1,1659;0,1323;4,6914;3,3777;
MACRENATA;LEITE_MOCA;0,0241;0,3784;3,7757;0,0177;1,4476;0,2782;6,8763;4,8089;
LEITE_MOCA;MACRENATA;0,0241;0,2401;3,7757;0,0177;1,2322;0,1765;6,8763;4,0522;
FARTRIGO_RENATA;CREME_DE_LEITE_NESTLE;0,0201;0,3328;4,6140;0,0158;1,3906;0,2606;8,5146;4,8400;
CREME_DE_LEITE_NESTLE;FARTRIGO_RENATA;0,0201;0,2792;4,6140;0,0158;1,3034;0,2187;8,5146;4,5375;
COCA_COLA;CHOCNESTLE;0,0286;0,1472;2,0841;0,0149;1,0898;0,0765;3,1348;2,6503;
CHOCNESTLE;COCA_COLA;0,0286;0,4046;2,0841;0,0149;1,3534;0,2104;3,1348;3,8186;
LEITE_MOCA;BISCNESTLE;0,0367;0,3657;2,9007;0,0240;1,3779;0,2397;5,2252;4,5992;
BISCNESTLE;LEITE_MOCA;0,0367;0,2907;2,9007;0,0240;1,2686;0,1905;5,2252;4,2106;
LEITE_PARMALAT;COCA_COLA;0,0272;0,3857;1,9868;0,0135;1,3118;0,1916;2,8686;3,5888;
COCA_COLA;LEITE_PARMALAT;0,0272;0,1404;1,9868;0,0135;1,0811;0,0697;2,8686;2,5041;
LEITE_MOCA;DETERGYPE;0,0234;0,2330;3,7001;0,0170;1,2217;0,1700;6,5958;3,9421;
DETERGYPE;LEITE_MOCA;0,0234;0,3709;3,7001;0,0170;1,4302;0,2706;6,5958;4,6901;
COCA_COLA;BISCNABISCO;0,0238;0,1224;2,1147;0,0125;1,0735;0,0645;3,1548;2,4441;
BISCNABISCO;COCA_COLA;0,0238;0,4105;2,1147;0,0125;1,3671;0,2164;3,1548;3,7565;
DETERGYPE;COCA_COLA;0,0261;0,4145;2,1352;0,0139;1,3764;0,2204;3,2402;3,8581;
COCA_COLA;DETERGYPE;0,0261;0,1345;2,1352;0,0139;1,0826;0,0715;3,2402;2,5738;
LEITE_MOCA;CREME_DE_LEITE_NESTLE;0,0424;0,4229;5,8641;0,0352;1,6079;0,3508;21,4470;7,5604;
CREME_DE_LEITE_NESTLE;LEITE_MOCA;0,0424;0,5878;5,8641;0,0352;2,1826;0,4875;21,4470;8,6938;
SPO_OMO;BOMBRIL;0,0233;0,3300;5,2442;0,0188;1,3986;0,2671;11,0528;5,3300;
BOMBRIL;SPO_OMO;0,0233;0,3699;5,2442;0,0188;1,4750;0,2993;11,0528;5,5650;
SAL_CISNE;COCA_COLA;0,0260;0,4181;2,1538;0,0139;1,3849;0,2240;3,2888;3,8912;
COCA_COLA;SAL_CISNE;0,0260;0,1337;2,1538;0,0139;1,0827;0,0716;3,2888;2,5813;
FANTA;COCA_COLA;0,0294;0,5737;2,9552;0,0194;1,8903;0,3796;6,4046;5,6880;
COCA_COLA;FANTA;0,0294;0,1514;2,9552;0,0194;1,1181;0,1002;6,4046;3,4002;
LEITE_MOCA;COCA_COLA;0,0438;0,4373;2,2527;0,0244;1,4322;0,2432;3,8756;4,5819;
COCA_COLA;LEITE_MOCA;0,0438;0,2258;2,2527;0,0244;1,1622;0,1256;3,8756;3,5687;
LEITE_MOCA;ARROZ_PRATO_FINO;0,0234;0,2331;4,1906;0,0178;1,2315;0,1775;8,1735;4,2331;
ARROZ_PRATO_FINO;LEITE_MOCA;0,0234;0,4200;4,1906;0,0178;1,5514;0,3198;8,1735;5,2862;
MARGDORIANA;COCA_COLA;0,0219;0,4091;2,1075;0,0115;1,3638;0,2150;3,1128;3,6946;
COCA_COLA;MARGDORIANA;0,0219;0,1129;2,1075;0,0115;1,0669;0,0593;3,1128;2,3494;
BISCNESTLE;ACUCAR_UNIAO;0,0304;0,2414;2,5937;0,0187;1,1955;0,1483;4,1218;3,5231;
ACUCAR_UNIAO;BISCNESTLE;0,0304;0,3270;2,5937;0,0187;1,2986;0,2009;4,1218;3,9440;
MAIONESE_HELLMANN_S;ACUCAR_UNIAO;0,0229;0,3638;3,9094;0,0171;1,4256;0,2708;7,0702;4,7560;
ACUCAR_UNIAO;MAIONESE_HELLMANN_S;0,0229;0,2466;3,9094;0,0171;1,2436;0,1835;7,0702;4,1120;
LEITE_MOCA;FARTRIGO_RENATA;0,0266;0,2650;4,3796;0,0205;1,2783;0,2045;9,1962;4,6610;
FARTRIGO_RENATA;LEITE_MOCA;0,0266;0,4390;4,3796;0,0205;1,6038;0,3387;9,1962;5,6626;
LEITE_MOCA;DETERGLIMPOL;0,0204;0,2038;3,7181;0,0149;1,1871;0,1490;6,4418;3,6834;
DETERGLIMPOL;LEITE_MOCA;0,0204;0,3727;3,7181;0,0149;1,4343;0,2724;6,4418;4,5958;
MAIONESE_HELLMANN_S;LEITE_MOCA;0,0272;0,4320;4,3105;0,0209;1,5842;0,3318;9,0051;5,6046;
LEITE_MOCA;MAIONESE_HELLMANN_S;0,0272;0,2719;4,3105;0,0209;1,2868;0,2088;9,0051;4,6853;
GUARANA_ANTARTICA;COCA_COLA;0,0456;0,5674;2,9226;0,0300;1,8627;0,3732;6,8071;6,1569;
COCA_COLA;GUARANA_ANTARTICA;0,0456;0,2347;2,9226;0,0300;1,2018;0,1544;6,8071;4,3274;
PAPEL_HIGPERSONAL;COCA_COLA;0,0309;0,3710;1,9113;0,0147;1,2813;0,1769;2,7232;3,5215;
COCA_COLA;PAPEL_HIGPERSONAL;0,0309;0,1592;1,9113;0,0147;1,0903;0,0759;2,7232;2,6018;
CREME_DE_LEITE_NESTLE;ACUCAR_UNIAO;0,0254;0,3517;3,7795;0,0187;1,3990;0,2587;6,8945;4,7072;
ACUCAR_UNIAO;CREME_DE_LEITE_NESTLE;0,0254;0,2726;3,7795;0,0187;1,2756;0,2005;6,8945;4,2741;
PAPEL_HIGNEVE;BISCNESTLE;0,0208;0,2988;2,3697;0,0120;1,2463;0,1727;3,3386;3,3372;
BISCNESTLE;PAPEL_HIGNEVE;0,0208;0,1647;2,3697;0,0120;1,1140;0,0952;3,3386;2,7095;
COCA_COLA;ACUCAR_UNIAO;0,0383;0,1972;2,1184;0,0202;1,1297;0,1041;3,3662;3,1526;
ACUCAR_UNIAO;COCA_COLA;0,0383;0,4112;2,1184;0,0202;1,3688;0,2171;3,3662;4,1407;
DETERGLIMPOL;ACUCAR_UNIAO;0,0201;0,3661;3,9342;0,0150;1,4308;0,2731;6,9015;4,6657;
ACUCAR_UNIAO;DETERGLIMPOL;0,0201;0,2156;3,9342;0,0150;1,2050;0,1608;6,9015;3,8429;
CHOCLACTA;BISCNESTLE;0,0231;0,4067;3,2258;0,0159;1,4730;0,2806;5,5923;4,5939;
BISCNESTLE;CHOCLACTA;0,0231;0,1830;3,2258;0,0159;1,1546;0,1263;5,5923;3,4172;
SPO_OMO;ACUCAR_UNIAO;0,0268;0,3794;4,0766;0,0202;1,4614;0,2863;7,9580;5,1093;
ACUCAR_UNIAO;SPO_OMO;0,0268;0,2875;4,0766;0,0202;1,3046;0,2170;7,9580;4,5936;
SAL_CISNE;BOMBRIL;0,0215;0,3465;5,5064;0,0176;1,4339;0,2836;11,4764;5,4731;
BOMBRIL;SAL_CISNE;0,0215;0,3418;5,5064;0,0176;1,4249;0,2797;11,4764;5,4452;
COCA_COLA;CHOCLACTA;0,0241;0,1242;2,1889;0,0131;1,0770;0,0675;3,3606;2,5182;
CHOCLACTA;COCA_COLA;0,0241;0,4249;2,1889;0,0131;1,4013;0,2308;3,3606;3,9124;
CREME_DE_LEITE_NESTLE,LEITE_MOCA;COCA_COLA;0,0216;0,5088;2,6210;0,0133;1,6406;0,3147;4,7125;4,7088;
COCA_COLA,LEITE_MOCA;CREME_DE_LEITE_NESTLE;0,0216;0,4921;6,8228;0,0184;1,8268;0,4200;17,3547;7,2152;
COCA_COLA,CREME_DE_LEITE_NESTLE;LEITE_MOCA;0,0216;0,6818;6,8028;0,0184;2,8281;0,5816;24,2402;9,2005;
LEITE_MOCA;BOMBRIL;0,0264;0,2632;4,1826;0,0201;1,2718;0,2003;8,4375;4,5201;
BOMBRIL;LEITE_MOCA;0,0264;0,4192;4,1826;0,0201;1,5493;0,3190;8,4375;5,4052;
LEITE_NILZA;COCA_COLA;0,0213;0,3446;1,7751;0,0093;1,2296;0,1505;2,3281;3,0317;
COCA_COLA;LEITE_NILZA;0,0213;0,1095;1,7751;0,0093;1,0537;0,0478;2,3281;2,0591;
LEITE_MOCA;GUARANA_ANTARTICA;0,0206;0,2052;2,5549;0,0125;1,1571;0,1249;3,6297;3,0083;
GUARANA_ANTARTICA;LEITE_MOCA;0,0206;0,2561;2,5549;0,0125;1,2095;0,1558;3,6297;3,2523;
NISSIM_L_AMEM;COCA_COLA;0,0202;0,4235;2,1818;0,0109;1,3980;0,2294;3,2880;3,7937;
COCA_COLA;NISSIM_L_AMEM;0,0202;0,1039;2,1818;0,0109;1,0628;0,0563;3,2880;2,3189;
LEITE_MOCA;ACUCAR_UNIAO;0,0355;0,3544;3,8083;0,0262;1,4049;0,2614;8,0359;5,1678;
ACUCAR_UNIAO;LEITE_MOCA;0,0355;0,3817;3,8083;0,0262;1,4553;0,2815;8,0359;5,3218;
FARTRIGO_RENATA;COCA_COLA;0,0258;0,4261;2,1952;0,0140;1,4043;0,2320;3,4017;3,9697;
COCA_COLA;FARTRIGO_RENATA;0,0258;0,1328;2,1952;0,0140;1,0834;0,0723;3,4017;2,6061;
SPO_OMO;COCA_COLA;0,0320;0,4543;2,3402;0,0183;1,4768;0,2602;3,9414;4,4387;
COCA_COLA;SPO_OMO;0,0320;0,1651;2,3402;0,0183;1,1132;0,0945;3,9414;3,0428;
PAPEL_HIGPERSONAL;LEITE_MOCA;0,0260;0,3120;3,1132;0,0176;1,3079;0,2118;5,1471;4,0911;
LEITE_MOCA;PAPEL_HIGPERSONAL;0,0260;0,2593;3,1132;0,0176;1,2377;0,1760;5,1471;3,8183;
LEITE_MOCA;CHOCNESTLE;0,0230;0,2292;3,2453;0,0159;1,2057;0,1585;5,3170;3,6365;
CHOCNESTLE;LEITE_MOCA;0,0230;0,3253;3,2453;0,0159;1,3335;0,2250;5,3170;4,1374;
DETERGYPE;BOMBRIL;0,0201;0,3188;5,0660;0,0161;1,3756;0,2559;9,7652;4,9958;
BOMBRIL;DETERGYPE;0,0201;0,3190;5,0660;0,0161;1,3760;0,2561;9,7652;4,9973;
BOMBRIL;ACUCAR_UNIAO;0,0257;0,4080;4,3841;0,0198;1,5320;0,3150;8,8946;5,4247;
ACUCAR_UNIAO;BOMBRIL;0,0257;0,2759;4,3841;0,0198;1,2941;0,2130;8,8946;4,6692;
MAIONESE_HELLMANN_S;BISCNESTLE;0,0235;0,3728;2,9563;0,0156;1,3932;0,2467;4,8336;4,2309;
BISCNESTLE;MAIONESE_HELLMANN_S;0,0235;0,1865;2,9563;0,0156;1,1517;0,1234;4,8336;3,2799;
COCA_COLA;AGUA_SANITVAREK;0,0206;0,1062;2,1012;0,0108;1,0622;0,0556;3,0806;2,2819;
AGUA_SANITVAREK;COCA_COLA;0,0206;0,4079;2,1012;0,0108;1,3610;0,2138;3,0806;3,6486;
SPO_OMO;PAPEL_HIGNEVE;0,0229;0,3246;4,6699;0,0180;1,3778;0,2551;9,1029;4,9561;
PAPEL_HIGNEVE;SPO_OMO;0,0229;0,3294;4,6699;0,0180;1,3860;0,2588;9,1029;4,9831;
ARROZ_PRATO_FINO;ACUCAR_UNIAO;0,0244;0,4378;4,7045;0,0192;1,6133;0,3448;9,9256;5,7497;
ACUCAR_UNIAO;ARROZ_PRATO_FINO;0,0244;0,2617;4,7045;0,0192;1,2791;0,2061;9,9256;4,7249;
MACRENATA;ACUCAR_UNIAO;0,0214;0,3367;3,6173;0,0155;1,3672;0,2436;6,1241;4,3655;
ACUCAR_UNIAO;MACRENATA;0,0214;0,2300;3,6173;0,0155;1,2161;0,1664;6,1241;3,7945;
SAL_CISNE;BISCNESTLE;0,0209;0,3363;2,6671;0,0130;1,3167;0,2102;4,0102;3,7460;
BISCNESTLE;SAL_CISNE;0,0209;0,1655;2,6671;0,0130;1,1240;0,1035;4,0102;2,9093;
MAIONESE_HELLMANN_S;COCA_COLA;0,0302;0,4789;2,4668;0,0180;1,5464;0,2847;4,3331;4,6495;
COCA_COLA;MAIONESE_HELLMANN_S;0,0302;0,1556;2,4668;0,0180;1,1096;0,0925;4,3331;3,0510;
FARTRIGO_RENATA;ACUCAR_UNIAO;0,0275;0,4540;4,8781;0,0218;1,6610;0,3609;11,0776;6,1114;
ACUCAR_UNIAO;FARTRIGO_RENATA;0,0275;0,2952;4,8781;0,0218;1,3330;0,2347;11,0776;5,1682;
MARGDORIANA;LEITE_MOCA;0,0206;0,3839;3,8306;0,0152;1,4605;0,2837;6,7809;4,7345;
LEITE_MOCA;MARGDORIANA;0,0206;0,2052;3,8306;0,0152;1,1908;0,1516;6,7809;3,7602;
CREME_DE_LEITE_NESTLE;COCA_COLA;0,0316;0,4386;2,2593;0,0176;1,4354;0,2445;3,6798;4,2592;
COCA_COLA;CREME_DE_LEITE_NESTLE;0,0316;0,1629;2,2593;0,0176;1,1085;0,0908;3,6798;2,9525;
MACRENATA;COCA_COLA;0,0260;0,4093;2,1084;0,0137;1,3642;0,2152;3,1668;3,8022;
COCA_COLA;MACRENATA;0,0260;0,1341;2,1084;0,0137;1,0814;0,0705;3,1668;2,5481;
PAPEL_HIGNEVE;LEITE_MOCA;0,0218;0,3132;3,1248;0,0148;1,3101;0,2130;4,9523;3,9535;
LEITE_MOCA;PAPEL_HIGNEVE;0,0218;0,2172;3,1248;0,0148;1,1887;0,1477;4,9523;3,4604;
PAPEL_HIGPERSONAL;ACUCAR_UNIAO;0,0224;0,2689;2,8888;0,0146;1,2404;0,1758;4,4021;3,5944;
ACUCAR_UNIAO;PAPEL_HIGPERSONAL;0,0224;0,2406;2,8888;0,0146;1,2072;0,1573;4,4021;3,4530;
LEITE_MOCA;ACHOCNESCAU;0,0251;0,2509;4,2672;0,0193;1,2564;0,1921;8,6207;4,4517;
ACHOCNESCAU;LEITE_MOCA;0,0251;0,4277;4,2672;0,0193;1,5722;0,3275;8,6207;5,4580;
MAIONESE_HELLMANN_S;CREME_DE_LEITE_NESTLE;0,0202;0,3199;4,4361;0,0156;1,3644;0,2478;8,0154;4,6719;
CREME_DE_LEITE_NESTLE;MAIONESE_HELLMANN_S;0,0202;0,2798;4,4361;0,0156;1,3009;0,2167;8,0154;4,4472;
SPO_OMO;CREME_DE_LEITE_NESTLE;0,0204;0,2893;4,0111;0,0153;1,3056;0,2172;6,9083;4,2797;
CREME_DE_LEITE_NESTLE;SPO_OMO;0,0204;0,2829;4,0111;0,0153;1,2962;0,2124;6,9083;4,2448;
COCA_COLA;BISCNESTLE;0,0459;0,2365;1,8759;0,0214;1,1447;0,1104;2,8042;3,2364;
BISCNESTLE;COCA_COLA;0,0459;0,3642;1,8759;0,0214;1,2674;0,1700;2,8042;3,7915;
CHOCNESTLE;BISCNESTLE;0,0270;0,3826;3,0342;0,0181;1,4154;0,2565;5,1930;4,4610;
BISCNESTLE;CHOCNESTLE;0,0270;0,2142;3,0342;0,0181;1,1828;0,1436;5,1930;3,5890;
COCA_COLA;CAFE_SERRA_DA_GRAMA;0,0204;0,1053;1,9737;0,0101;1,0580;0,0519;2,7642;2,1797;
CAFE_SERRA_DA_GRAMA;COCA_COLA;0,0204;0,3831;1,9737;0,0101;1,3064;0,1890;2,7642;3,3981;
BISCNESTLE;ACHOCNESCAU;0,0243;0,1926;3,2763;0,0169;1,1657;0,1338;5,8038;3,5404;
ACHOCNESCAU;BISCNESTLE;0,0243;0,4131;3,2763;0,0169;1,4890;0,2870;5,8038;4,7089;
COCA_COLA;ARROZ_PRATO_FINO;0,0253;0,1303;2,3425;0,0145;1,0859;0,0747;3,8309;2,6953;
ARROZ_PRATO_FINO;COCA_COLA;0,0253;0,4547;2,3425;0,0145;1,4779;0,2606;3,8309;4,2521;
COCA_COLA;ACHOCNESCAU;0,0237;0,1218;2,0725;0,0122;1,0718;0,0631;3,0435;2,4059;
ACHOCNESCAU;COCA_COLA;0,0237;0,4023;2,0725;0,0122;1,3484;0,2082;3,0435;3,6704;
MACRENATA;BISCNESTLE;0,0216;0,3395;2,6929;0,0136;1,3232;0,2135;4,0928;3,8040;
BISCNESTLE;MACRENATA;0,0216;0,1712;2,6929;0,0136;1,1299;0,1076;4,0928;2,9753;
COCA_COLA;BOMBRIL;0,0280;0,1443;2,2934;0,0158;1,0951;0,0814;3,7244;2,7966;
BOMBRIL;COCA_COLA;0,0280;0,4452;2,2934;0,0158;1,4526;0,2511;3,7244;4,2289;
SAL_CISNE;LEITE_MOCA;0,0254;0,4087;4,0779;0,0191;1,5217;0,3085;7,9695;5,2316;
LEITE_MOCA;SAL_CISNE;0,0254;0,2531;4,0779;0,0191;1,2558;0,1910;7,9695;4,3579;
GUARANA_ANTARTICA;BISCNESTLE;0,0204;0,2537;2,0117;0,0102;1,1709;0,1276;2,6168;2,8326;
BISCNESTLE;GUARANA_ANTARTICA;0,0204;0,1616;2,0117;0,0102;1,0969;0,0813;2,6168;2,4312;
PAPEL_HIGNEVE;COCA_COLA;0,0300;0,4317;2,2236;0,0165;1,4179;0,2375;3,5466;4,1411;
COCA_COLA;PAPEL_HIGNEVE;0,0300;0,1546;2,2236;0,0165;1,1006;0,0851;3,5466;2,8399;
SPO_OMO;LEITE_MOCA;0,0278;0,3940;3,9313;0,0207;1,4848;0,2938;7,6931;5,1516;
LEITE_MOCA;SPO_OMO;0,0278;0,2773;3,9313;0,0207;1,2861;0,2067;7,6931;4,4995;
DETERGYPE;ACUCAR_UNIAO;0,0221;0,3516;3,7774;0,0163;1,3986;0,2585;6,6203;4,5739;
ACUCAR_UNIAO;DETERGYPE;0,0221;0,2379;3,7774;0,0163;1,2295;0,1749;6,6203;3,9569;
ACUCAR_UNIAO;ACHOCNESCAU;0,0204;0,2188;3,7217;0,0149;1,2048;0,1600;6,3301;3,7536;
ACHOCNESCAU;ACUCAR_UNIAO;0,0204;0,3464;3,7217;0,0149;1,3875;0,2533;6,3301;4,4404;
SAL_CISNE;ACUCAR_UNIAO;0,0260;0,4189;4,5013;0,0202;1,5608;0,3259;9,3620;5,5796;
ACUCAR_UNIAO;SAL_CISNE;0,0260;0,2794;4,5013;0,0202;1,3016;0,2173;9,3620;4,7747;
